--
&control
    calculation  = 'bands'
    prefix       = 'diamond'
    pseudo_dir   = './'
    outdir       = './'
/
&system
    ibrav     = 2
    celldm(1) = 6.74
    nat       = 2
    ntyp      = 1
    ecutwfc   = 40.0
    nbnd      = 8
/
&electrons
    conv_thr = 1.d-12
/
ATOMIC_SPECIES
  C  12.011   C.pz-vbc.UPF
ATOMIC_POSITIONS crystal
  C  0.125   0.125   0.125
  C -0.125  -0.125  -0.125
K_POINTS crystal
64
  0.000000000000  0.000000000000  0.000000000000  1.56250000e-02
  0.000000000000  0.000000000000  0.250000000000  1.56250000e-02
  0.000000000000  0.000000000000  0.500000000000  1.56250000e-02
  0.000000000000  0.000000000000  0.750000000000  1.56250000e-02
  0.000000000000  0.250000000000  0.000000000000  1.56250000e-02
  0.000000000000  0.250000000000  0.250000000000  1.56250000e-02
  0.000000000000  0.250000000000  0.500000000000  1.56250000e-02
  0.000000000000  0.250000000000  0.750000000000  1.56250000e-02
  0.000000000000  0.500000000000  0.000000000000  1.56250000e-02
  0.000000000000  0.500000000000  0.250000000000  1.56250000e-02
  0.000000000000  0.500000000000  0.500000000000  1.56250000e-02
  0.000000000000  0.500000000000  0.750000000000  1.56250000e-02
  0.000000000000  0.750000000000  0.000000000000  1.56250000e-02
  0.000000000000  0.750000000000  0.250000000000  1.56250000e-02
  0.000000000000  0.750000000000  0.500000000000  1.56250000e-02
  0.000000000000  0.750000000000  0.750000000000  1.56250000e-02
  0.250000000000  0.000000000000  0.000000000000  1.56250000e-02
  0.250000000000  0.000000000000  0.250000000000  1.56250000e-02
  0.250000000000  0.000000000000  0.500000000000  1.56250000e-02
  0.250000000000  0.000000000000  0.750000000000  1.56250000e-02
  0.250000000000  0.250000000000  0.000000000000  1.56250000e-02
  0.250000000000  0.250000000000  0.250000000000  1.56250000e-02
  0.250000000000  0.250000000000  0.500000000000  1.56250000e-02
  0.250000000000  0.250000000000  0.750000000000  1.56250000e-02
  0.250000000000  0.500000000000  0.000000000000  1.56250000e-02
  0.250000000000  0.500000000000  0.250000000000  1.56250000e-02
  0.250000000000  0.500000000000  0.500000000000  1.56250000e-02
  0.250000000000  0.500000000000  0.750000000000  1.56250000e-02
  0.250000000000  0.750000000000  0.000000000000  1.56250000e-02
  0.250000000000  0.750000000000  0.250000000000  1.56250000e-02
  0.250000000000  0.750000000000  0.500000000000  1.56250000e-02
  0.250000000000  0.750000000000  0.750000000000  1.56250000e-02
  0.500000000000  0.000000000000  0.000000000000  1.56250000e-02
  0.500000000000  0.000000000000  0.250000000000  1.56250000e-02
  0.500000000000  0.000000000000  0.500000000000  1.56250000e-02
  0.500000000000  0.000000000000  0.750000000000  1.56250000e-02
  0.500000000000  0.250000000000  0.000000000000  1.56250000e-02
  0.500000000000  0.250000000000  0.250000000000  1.56250000e-02
  0.500000000000  0.250000000000  0.500000000000  1.56250000e-02
  0.500000000000  0.250000000000  0.750000000000  1.56250000e-02
  0.500000000000  0.500000000000  0.000000000000  1.56250000e-02
  0.500000000000  0.500000000000  0.250000000000  1.56250000e-02
  0.500000000000  0.500000000000  0.500000000000  1.56250000e-02
  0.500000000000  0.500000000000  0.750000000000  1.56250000e-02
  0.500000000000  0.750000000000  0.000000000000  1.56250000e-02
  0.500000000000  0.750000000000  0.250000000000  1.56250000e-02
  0.500000000000  0.750000000000  0.500000000000  1.56250000e-02
  0.500000000000  0.750000000000  0.750000000000  1.56250000e-02
  0.750000000000  0.000000000000  0.000000000000  1.56250000e-02
  0.750000000000  0.000000000000  0.250000000000  1.56250000e-02
  0.750000000000  0.000000000000  0.500000000000  1.56250000e-02
  0.750000000000  0.000000000000  0.750000000000  1.56250000e-02
  0.750000000000  0.250000000000  0.000000000000  1.56250000e-02
  0.750000000000  0.250000000000  0.250000000000  1.56250000e-02
  0.750000000000  0.250000000000  0.500000000000  1.56250000e-02
  0.750000000000  0.250000000000  0.750000000000  1.56250000e-02
  0.750000000000  0.500000000000  0.000000000000  1.56250000e-02
  0.750000000000  0.500000000000  0.250000000000  1.56250000e-02
  0.750000000000  0.500000000000  0.500000000000  1.56250000e-02
  0.750000000000  0.500000000000  0.750000000000  1.56250000e-02
  0.750000000000  0.750000000000  0.000000000000  1.56250000e-02
  0.750000000000  0.750000000000  0.250000000000  1.56250000e-02
  0.750000000000  0.750000000000  0.500000000000  1.56250000e-02
  0.750000000000  0.750000000000  0.750000000000  1.56250000e-02
