200 crystal
    0.250000    0.250000    0.000000   1.0
    0.250335    0.250335    0.000000   1.0
    0.250670    0.250670    0.000000   1.0
    0.251005    0.251005    0.000000   1.0
    0.251340    0.251340    0.000000   1.0
    0.251675    0.251675    0.000000   1.0
    0.252010    0.252010    0.000000   1.0
    0.252345    0.252345    0.000000   1.0
    0.252680    0.252680    0.000000   1.0
    0.253015    0.253015    0.000000   1.0
    0.253350    0.253350    0.000000   1.0
    0.253685    0.253685    0.000000   1.0
    0.254020    0.254020    0.000000   1.0
    0.254355    0.254355    0.000000   1.0
    0.254690    0.254690    0.000000   1.0
    0.255025    0.255025    0.000000   1.0
    0.255360    0.255360    0.000000   1.0
    0.255695    0.255695    0.000000   1.0
    0.256030    0.256030    0.000000   1.0
    0.256365    0.256365    0.000000   1.0
    0.256700    0.256700    0.000000   1.0
    0.257035    0.257035    0.000000   1.0
    0.257370    0.257370    0.000000   1.0
    0.257705    0.257705    0.000000   1.0
    0.258040    0.258040    0.000000   1.0
    0.258375    0.258375    0.000000   1.0
    0.258710    0.258710    0.000000   1.0
    0.259045    0.259045    0.000000   1.0
    0.259380    0.259380    0.000000   1.0
    0.259715    0.259715    0.000000   1.0
    0.260050    0.260050    0.000000   1.0
    0.260385    0.260385    0.000000   1.0
    0.260720    0.260720    0.000000   1.0
    0.261055    0.261055    0.000000   1.0
    0.261390    0.261390    0.000000   1.0
    0.261725    0.261725    0.000000   1.0
    0.262060    0.262060    0.000000   1.0
    0.262395    0.262395    0.000000   1.0
    0.262730    0.262730    0.000000   1.0
    0.263065    0.263065    0.000000   1.0
    0.263400    0.263400    0.000000   1.0
    0.263735    0.263735    0.000000   1.0
    0.264070    0.264070    0.000000   1.0
    0.264405    0.264405    0.000000   1.0
    0.264740    0.264740    0.000000   1.0
    0.265075    0.265075    0.000000   1.0
    0.265410    0.265410    0.000000   1.0
    0.265745    0.265745    0.000000   1.0
    0.266080    0.266080    0.000000   1.0
    0.266415    0.266415    0.000000   1.0
    0.266750    0.266750    0.000000   1.0
    0.267085    0.267085    0.000000   1.0
    0.267420    0.267420    0.000000   1.0
    0.267755    0.267755    0.000000   1.0
    0.268090    0.268090    0.000000   1.0
    0.268425    0.268425    0.000000   1.0
    0.268760    0.268760    0.000000   1.0
    0.269095    0.269095    0.000000   1.0
    0.269430    0.269430    0.000000   1.0
    0.269765    0.269765    0.000000   1.0
    0.270101    0.270101    0.000000   1.0
    0.270436    0.270436    0.000000   1.0
    0.270771    0.270771    0.000000   1.0
    0.271106    0.271106    0.000000   1.0
    0.271441    0.271441    0.000000   1.0
    0.271776    0.271776    0.000000   1.0
    0.272111    0.272111    0.000000   1.0
    0.272446    0.272446    0.000000   1.0
    0.272781    0.272781    0.000000   1.0
    0.273116    0.273116    0.000000   1.0
    0.273451    0.273451    0.000000   1.0
    0.273786    0.273786    0.000000   1.0
    0.274121    0.274121    0.000000   1.0
    0.274456    0.274456    0.000000   1.0
    0.274791    0.274791    0.000000   1.0
    0.275126    0.275126    0.000000   1.0
    0.275461    0.275461    0.000000   1.0
    0.275796    0.275796    0.000000   1.0
    0.276131    0.276131    0.000000   1.0
    0.276466    0.276466    0.000000   1.0
    0.276801    0.276801    0.000000   1.0
    0.277136    0.277136    0.000000   1.0
    0.277471    0.277471    0.000000   1.0
    0.277806    0.277806    0.000000   1.0
    0.278141    0.278141    0.000000   1.0
    0.278476    0.278476    0.000000   1.0
    0.278811    0.278811    0.000000   1.0
    0.279146    0.279146    0.000000   1.0
    0.279481    0.279481    0.000000   1.0
    0.279816    0.279816    0.000000   1.0
    0.280151    0.280151    0.000000   1.0
    0.280486    0.280486    0.000000   1.0
    0.280821    0.280821    0.000000   1.0
    0.281156    0.281156    0.000000   1.0
    0.281491    0.281491    0.000000   1.0
    0.281826    0.281826    0.000000   1.0
    0.282161    0.282161    0.000000   1.0
    0.282496    0.282496    0.000000   1.0
    0.282831    0.282831    0.000000   1.0
    0.283166    0.283166    0.000000   1.0
    0.283501    0.283501    0.000000   1.0
    0.283836    0.283836    0.000000   1.0
    0.284171    0.284171    0.000000   1.0
    0.284506    0.284506    0.000000   1.0
    0.284841    0.284841    0.000000   1.0
    0.285176    0.285176    0.000000   1.0
    0.285511    0.285511    0.000000   1.0
    0.285846    0.285846    0.000000   1.0
    0.286181    0.286181    0.000000   1.0
    0.286516    0.286516    0.000000   1.0
    0.286851    0.286851    0.000000   1.0
    0.287186    0.287186    0.000000   1.0
    0.287521    0.287521    0.000000   1.0
    0.287856    0.287856    0.000000   1.0
    0.288191    0.288191    0.000000   1.0
    0.288526    0.288526    0.000000   1.0
    0.288861    0.288861    0.000000   1.0
    0.289196    0.289196    0.000000   1.0
    0.289531    0.289531    0.000000   1.0
    0.289866    0.289866    0.000000   1.0
    0.290201    0.290201    0.000000   1.0
    0.290536    0.290536    0.000000   1.0
    0.290871    0.290871    0.000000   1.0
    0.291206    0.291206    0.000000   1.0
    0.291541    0.291541    0.000000   1.0
    0.291876    0.291876    0.000000   1.0
    0.292211    0.292211    0.000000   1.0
    0.292546    0.292546    0.000000   1.0
    0.292881    0.292881    0.000000   1.0
    0.293216    0.293216    0.000000   1.0
    0.293551    0.293551    0.000000   1.0
    0.293886    0.293886    0.000000   1.0
    0.294221    0.294221    0.000000   1.0
    0.294556    0.294556    0.000000   1.0
    0.294891    0.294891    0.000000   1.0
    0.295226    0.295226    0.000000   1.0
    0.295561    0.295561    0.000000   1.0
    0.295896    0.295896    0.000000   1.0
    0.296231    0.296231    0.000000   1.0
    0.296566    0.296566    0.000000   1.0
    0.296901    0.296901    0.000000   1.0
    0.297236    0.297236    0.000000   1.0
    0.297571    0.297571    0.000000   1.0
    0.297906    0.297906    0.000000   1.0
    0.298241    0.298241    0.000000   1.0
    0.298576    0.298576    0.000000   1.0
    0.298911    0.298911    0.000000   1.0
    0.299246    0.299246    0.000000   1.0
    0.299581    0.299581    0.000000   1.0
    0.299916    0.299916    0.000000   1.0
    0.300251    0.300251    0.000000   1.0
    0.300586    0.300586    0.000000   1.0
    0.300921    0.300921    0.000000   1.0
    0.301256    0.301256    0.000000   1.0
    0.301591    0.301591    0.000000   1.0
    0.301926    0.301926    0.000000   1.0
    0.302261    0.302261    0.000000   1.0
    0.302596    0.302596    0.000000   1.0
    0.302931    0.302931    0.000000   1.0
    0.303266    0.303266    0.000000   1.0
    0.303601    0.303601    0.000000   1.0
    0.303936    0.303936    0.000000   1.0
    0.304271    0.304271    0.000000   1.0
    0.304606    0.304606    0.000000   1.0
    0.304941    0.304941    0.000000   1.0
    0.305276    0.305276    0.000000   1.0
    0.305611    0.305611    0.000000   1.0
    0.305946    0.305946    0.000000   1.0
    0.306281    0.306281    0.000000   1.0
    0.306616    0.306616    0.000000   1.0
    0.306951    0.306951    0.000000   1.0
    0.307286    0.307286    0.000000   1.0
    0.307621    0.307621    0.000000   1.0
    0.307956    0.307956    0.000000   1.0
    0.308291    0.308291    0.000000   1.0
    0.308626    0.308626    0.000000   1.0
    0.308961    0.308961    0.000000   1.0
    0.309296    0.309296    0.000000   1.0
    0.309631    0.309631    0.000000   1.0
    0.309966    0.309966    0.000000   1.0
    0.310302    0.310302    0.000000   1.0
    0.310637    0.310637    0.000000   1.0
    0.310972    0.310972    0.000000   1.0
    0.311307    0.311307    0.000000   1.0
    0.311642    0.311642    0.000000   1.0
    0.311977    0.311977    0.000000   1.0
    0.312312    0.312312    0.000000   1.0
    0.312647    0.312647    0.000000   1.0
    0.312982    0.312982    0.000000   1.0
    0.313317    0.313317    0.000000   1.0
    0.313652    0.313652    0.000000   1.0
    0.313987    0.313987    0.000000   1.0
    0.314322    0.314322    0.000000   1.0
    0.314657    0.314657    0.000000   1.0
    0.314992    0.314992    0.000000   1.0
    0.315327    0.315327    0.000000   1.0
    0.315662    0.315662    0.000000   1.0
    0.315997    0.315997    0.000000   1.0
    0.316332    0.316332    0.000000   1.0
    0.316667    0.316667    0.000000   1.0
