&control
    calculation = 'bands'
    prefix      = 'graphene'
    pseudo_dir  = './'
    outdir      = './'
    verbosity   = 'high'
/
&system
   ibrav        = 4
   celldm(1)    = 4.654
   celldm(3)    = 5.0
   nat          = 2
   ntyp         = 1
   ecutwfc      = 60.0
   occupations  = 'smearing'
   smearing     = 'mv'
   degauss      = 0.02
   assume_isolated = '2D'
   nbnd        = 12        ! __TODO__ confirm; matches /mnt/home/jlihm/temp/graphene reference
/
&electrons
    diagonalization = 'david'
    mixing_beta     = 0.7
    conv_thr        = 1.0d-10
/
ATOMIC_SPECIES
   C   12.011  C.dojo.sr.ONCVv0.5.pbe.standard.upf
ATOMIC_POSITIONS crystal
   C        0.333333333   0.666666667   0.000000000
   C        0.666666667   0.333333333   0.000000000
K_POINTS crystal
144
  0.000000000000  0.000000000000  0.000000000000  6.94444444e-03
  0.000000000000  0.083333333333  0.000000000000  6.94444444e-03
  0.000000000000  0.166666666667  0.000000000000  6.94444444e-03
  0.000000000000  0.250000000000  0.000000000000  6.94444444e-03
  0.000000000000  0.333333333333  0.000000000000  6.94444444e-03
  0.000000000000  0.416666666667  0.000000000000  6.94444444e-03
  0.000000000000  0.500000000000  0.000000000000  6.94444444e-03
  0.000000000000  0.583333333333  0.000000000000  6.94444444e-03
  0.000000000000  0.666666666667  0.000000000000  6.94444444e-03
  0.000000000000  0.750000000000  0.000000000000  6.94444444e-03
  0.000000000000  0.833333333333  0.000000000000  6.94444444e-03
  0.000000000000  0.916666666667  0.000000000000  6.94444444e-03
  0.083333333333  0.000000000000  0.000000000000  6.94444444e-03
  0.083333333333  0.083333333333  0.000000000000  6.94444444e-03
  0.083333333333  0.166666666667  0.000000000000  6.94444444e-03
  0.083333333333  0.250000000000  0.000000000000  6.94444444e-03
  0.083333333333  0.333333333333  0.000000000000  6.94444444e-03
  0.083333333333  0.416666666667  0.000000000000  6.94444444e-03
  0.083333333333  0.500000000000  0.000000000000  6.94444444e-03
  0.083333333333  0.583333333333  0.000000000000  6.94444444e-03
  0.083333333333  0.666666666667  0.000000000000  6.94444444e-03
  0.083333333333  0.750000000000  0.000000000000  6.94444444e-03
  0.083333333333  0.833333333333  0.000000000000  6.94444444e-03
  0.083333333333  0.916666666667  0.000000000000  6.94444444e-03
  0.166666666667  0.000000000000  0.000000000000  6.94444444e-03
  0.166666666667  0.083333333333  0.000000000000  6.94444444e-03
  0.166666666667  0.166666666667  0.000000000000  6.94444444e-03
  0.166666666667  0.250000000000  0.000000000000  6.94444444e-03
  0.166666666667  0.333333333333  0.000000000000  6.94444444e-03
  0.166666666667  0.416666666667  0.000000000000  6.94444444e-03
  0.166666666667  0.500000000000  0.000000000000  6.94444444e-03
  0.166666666667  0.583333333333  0.000000000000  6.94444444e-03
  0.166666666667  0.666666666667  0.000000000000  6.94444444e-03
  0.166666666667  0.750000000000  0.000000000000  6.94444444e-03
  0.166666666667  0.833333333333  0.000000000000  6.94444444e-03
  0.166666666667  0.916666666667  0.000000000000  6.94444444e-03
  0.250000000000  0.000000000000  0.000000000000  6.94444444e-03
  0.250000000000  0.083333333333  0.000000000000  6.94444444e-03
  0.250000000000  0.166666666667  0.000000000000  6.94444444e-03
  0.250000000000  0.250000000000  0.000000000000  6.94444444e-03
  0.250000000000  0.333333333333  0.000000000000  6.94444444e-03
  0.250000000000  0.416666666667  0.000000000000  6.94444444e-03
  0.250000000000  0.500000000000  0.000000000000  6.94444444e-03
  0.250000000000  0.583333333333  0.000000000000  6.94444444e-03
  0.250000000000  0.666666666667  0.000000000000  6.94444444e-03
  0.250000000000  0.750000000000  0.000000000000  6.94444444e-03
  0.250000000000  0.833333333333  0.000000000000  6.94444444e-03
  0.250000000000  0.916666666667  0.000000000000  6.94444444e-03
  0.333333333333  0.000000000000  0.000000000000  6.94444444e-03
  0.333333333333  0.083333333333  0.000000000000  6.94444444e-03
  0.333333333333  0.166666666667  0.000000000000  6.94444444e-03
  0.333333333333  0.250000000000  0.000000000000  6.94444444e-03
  0.333333333333  0.333333333333  0.000000000000  6.94444444e-03
  0.333333333333  0.416666666667  0.000000000000  6.94444444e-03
  0.333333333333  0.500000000000  0.000000000000  6.94444444e-03
  0.333333333333  0.583333333333  0.000000000000  6.94444444e-03
  0.333333333333  0.666666666667  0.000000000000  6.94444444e-03
  0.333333333333  0.750000000000  0.000000000000  6.94444444e-03
  0.333333333333  0.833333333333  0.000000000000  6.94444444e-03
  0.333333333333  0.916666666667  0.000000000000  6.94444444e-03
  0.416666666667  0.000000000000  0.000000000000  6.94444444e-03
  0.416666666667  0.083333333333  0.000000000000  6.94444444e-03
  0.416666666667  0.166666666667  0.000000000000  6.94444444e-03
  0.416666666667  0.250000000000  0.000000000000  6.94444444e-03
  0.416666666667  0.333333333333  0.000000000000  6.94444444e-03
  0.416666666667  0.416666666667  0.000000000000  6.94444444e-03
  0.416666666667  0.500000000000  0.000000000000  6.94444444e-03
  0.416666666667  0.583333333333  0.000000000000  6.94444444e-03
  0.416666666667  0.666666666667  0.000000000000  6.94444444e-03
  0.416666666667  0.750000000000  0.000000000000  6.94444444e-03
  0.416666666667  0.833333333333  0.000000000000  6.94444444e-03
  0.416666666667  0.916666666667  0.000000000000  6.94444444e-03
  0.500000000000  0.000000000000  0.000000000000  6.94444444e-03
  0.500000000000  0.083333333333  0.000000000000  6.94444444e-03
  0.500000000000  0.166666666667  0.000000000000  6.94444444e-03
  0.500000000000  0.250000000000  0.000000000000  6.94444444e-03
  0.500000000000  0.333333333333  0.000000000000  6.94444444e-03
  0.500000000000  0.416666666667  0.000000000000  6.94444444e-03
  0.500000000000  0.500000000000  0.000000000000  6.94444444e-03
  0.500000000000  0.583333333333  0.000000000000  6.94444444e-03
  0.500000000000  0.666666666667  0.000000000000  6.94444444e-03
  0.500000000000  0.750000000000  0.000000000000  6.94444444e-03
  0.500000000000  0.833333333333  0.000000000000  6.94444444e-03
  0.500000000000  0.916666666667  0.000000000000  6.94444444e-03
  0.583333333333  0.000000000000  0.000000000000  6.94444444e-03
  0.583333333333  0.083333333333  0.000000000000  6.94444444e-03
  0.583333333333  0.166666666667  0.000000000000  6.94444444e-03
  0.583333333333  0.250000000000  0.000000000000  6.94444444e-03
  0.583333333333  0.333333333333  0.000000000000  6.94444444e-03
  0.583333333333  0.416666666667  0.000000000000  6.94444444e-03
  0.583333333333  0.500000000000  0.000000000000  6.94444444e-03
  0.583333333333  0.583333333333  0.000000000000  6.94444444e-03
  0.583333333333  0.666666666667  0.000000000000  6.94444444e-03
  0.583333333333  0.750000000000  0.000000000000  6.94444444e-03
  0.583333333333  0.833333333333  0.000000000000  6.94444444e-03
  0.583333333333  0.916666666667  0.000000000000  6.94444444e-03
  0.666666666667  0.000000000000  0.000000000000  6.94444444e-03
  0.666666666667  0.083333333333  0.000000000000  6.94444444e-03
  0.666666666667  0.166666666667  0.000000000000  6.94444444e-03
  0.666666666667  0.250000000000  0.000000000000  6.94444444e-03
  0.666666666667  0.333333333333  0.000000000000  6.94444444e-03
  0.666666666667  0.416666666667  0.000000000000  6.94444444e-03
  0.666666666667  0.500000000000  0.000000000000  6.94444444e-03
  0.666666666667  0.583333333333  0.000000000000  6.94444444e-03
  0.666666666667  0.666666666667  0.000000000000  6.94444444e-03
  0.666666666667  0.750000000000  0.000000000000  6.94444444e-03
  0.666666666667  0.833333333333  0.000000000000  6.94444444e-03
  0.666666666667  0.916666666667  0.000000000000  6.94444444e-03
  0.750000000000  0.000000000000  0.000000000000  6.94444444e-03
  0.750000000000  0.083333333333  0.000000000000  6.94444444e-03
  0.750000000000  0.166666666667  0.000000000000  6.94444444e-03
  0.750000000000  0.250000000000  0.000000000000  6.94444444e-03
  0.750000000000  0.333333333333  0.000000000000  6.94444444e-03
  0.750000000000  0.416666666667  0.000000000000  6.94444444e-03
  0.750000000000  0.500000000000  0.000000000000  6.94444444e-03
  0.750000000000  0.583333333333  0.000000000000  6.94444444e-03
  0.750000000000  0.666666666667  0.000000000000  6.94444444e-03
  0.750000000000  0.750000000000  0.000000000000  6.94444444e-03
  0.750000000000  0.833333333333  0.000000000000  6.94444444e-03
  0.750000000000  0.916666666667  0.000000000000  6.94444444e-03
  0.833333333333  0.000000000000  0.000000000000  6.94444444e-03
  0.833333333333  0.083333333333  0.000000000000  6.94444444e-03
  0.833333333333  0.166666666667  0.000000000000  6.94444444e-03
  0.833333333333  0.250000000000  0.000000000000  6.94444444e-03
  0.833333333333  0.333333333333  0.000000000000  6.94444444e-03
  0.833333333333  0.416666666667  0.000000000000  6.94444444e-03
  0.833333333333  0.500000000000  0.000000000000  6.94444444e-03
  0.833333333333  0.583333333333  0.000000000000  6.94444444e-03
  0.833333333333  0.666666666667  0.000000000000  6.94444444e-03
  0.833333333333  0.750000000000  0.000000000000  6.94444444e-03
  0.833333333333  0.833333333333  0.000000000000  6.94444444e-03
  0.833333333333  0.916666666667  0.000000000000  6.94444444e-03
  0.916666666667  0.000000000000  0.000000000000  6.94444444e-03
  0.916666666667  0.083333333333  0.000000000000  6.94444444e-03
  0.916666666667  0.166666666667  0.000000000000  6.94444444e-03
  0.916666666667  0.250000000000  0.000000000000  6.94444444e-03
  0.916666666667  0.333333333333  0.000000000000  6.94444444e-03
  0.916666666667  0.416666666667  0.000000000000  6.94444444e-03
  0.916666666667  0.500000000000  0.000000000000  6.94444444e-03
  0.916666666667  0.583333333333  0.000000000000  6.94444444e-03
  0.916666666667  0.666666666667  0.000000000000  6.94444444e-03
  0.916666666667  0.750000000000  0.000000000000  6.94444444e-03
  0.916666666667  0.833333333333  0.000000000000  6.94444444e-03
  0.916666666667  0.916666666667  0.000000000000  6.94444444e-03
