         351 crystal
0.0000000   0.0000000   0.0000000  1.0
0.0066667   0.0066667   0.0000000  1.0
0.0133333   0.0133333   0.0000000  1.0
0.0200000   0.0200000   0.0000000  1.0
0.0266667   0.0266667   0.0000000  1.0
0.0333333   0.0333333   0.0000000  1.0
0.0400000   0.0400000   0.0000000  1.0
0.0466667   0.0466667   0.0000000  1.0
0.0533333   0.0533333   0.0000000  1.0
0.0600000   0.0600000   0.0000000  1.0
0.0666667   0.0666667   0.0000000  1.0
0.0733333   0.0733333   0.0000000  1.0
0.0800000   0.0800000   0.0000000  1.0
0.0866667   0.0866667   0.0000000  1.0
0.0933333   0.0933333   0.0000000  1.0
0.1000000   0.1000000   0.0000000  1.0
0.1066667   0.1066667   0.0000000  1.0
0.1133333   0.1133333   0.0000000  1.0
0.1200000   0.1200000   0.0000000  1.0
0.1266667   0.1266667   0.0000000  1.0
0.1333333   0.1333333   0.0000000  1.0
0.1400000   0.1400000   0.0000000  1.0
0.1466667   0.1466667   0.0000000  1.0
0.1533333   0.1533333   0.0000000  1.0
0.1600000   0.1600000   0.0000000  1.0
0.1666667   0.1666667   0.0000000  1.0
0.1733333   0.1733333   0.0000000  1.0
0.1800000   0.1800000   0.0000000  1.0
0.1866667   0.1866667   0.0000000  1.0
0.1933333   0.1933333   0.0000000  1.0
0.2000000   0.2000000   0.0000000  1.0
0.2066667   0.2066667   0.0000000  1.0
0.2133333   0.2133333   0.0000000  1.0
0.2200000   0.2200000   0.0000000  1.0
0.2266667   0.2266667   0.0000000  1.0
0.2333333   0.2333333   0.0000000  1.0
0.2400000   0.2400000   0.0000000  1.0
0.2466667   0.2466667   0.0000000  1.0
0.2533333   0.2533333   0.0000000  1.0
0.2600000   0.2600000   0.0000000  1.0
0.2666667   0.2666667   0.0000000  1.0
0.2733333   0.2733333   0.0000000  1.0
0.2800000   0.2800000   0.0000000  1.0
0.2866667   0.2866667   0.0000000  1.0
0.2933333   0.2933333   0.0000000  1.0
0.3000000   0.3000000   0.0000000  1.0
0.3066667   0.3066667   0.0000000  1.0
0.3133333   0.3133333   0.0000000  1.0
0.3200000   0.3200000   0.0000000  1.0
0.3266667   0.3266667   0.0000000  1.0
0.3333333   0.3333333   0.0000000  1.0
0.3366667   0.3266667   0.0000000  1.0
0.3400000   0.3200000   0.0000000  1.0
0.3433333   0.3133333   0.0000000  1.0
0.3466667   0.3066667   0.0000000  1.0
0.3500000   0.3000000   0.0000000  1.0
0.3533333   0.2933333   0.0000000  1.0
0.3566667   0.2866667   0.0000000  1.0
0.3600000   0.2800000   0.0000000  1.0
0.3633333   0.2733333   0.0000000  1.0
0.3666667   0.2666667   0.0000000  1.0
0.3700000   0.2600000   0.0000000  1.0
0.3733333   0.2533333   0.0000000  1.0
0.3766667   0.2466667   0.0000000  1.0
0.3800000   0.2400000   0.0000000  1.0
0.3833333   0.2333333   0.0000000  1.0
0.3866667   0.2266667   0.0000000  1.0
0.3900000   0.2200000   0.0000000  1.0
0.3933333   0.2133333   0.0000000  1.0
0.3966667   0.2066667   0.0000000  1.0
0.4000000   0.2000000   0.0000000  1.0
0.4033333   0.1933333   0.0000000  1.0
0.4066667   0.1866667   0.0000000  1.0
0.4100000   0.1800000   0.0000000  1.0
0.4133333   0.1733333   0.0000000  1.0
0.4166667   0.1666667   0.0000000  1.0
0.4200000   0.1600000   0.0000000  1.0
0.4233333   0.1533333   0.0000000  1.0
0.4266667   0.1466667   0.0000000  1.0
0.4300000   0.1400000   0.0000000  1.0
0.4333333   0.1333333   0.0000000  1.0
0.4366667   0.1266667   0.0000000  1.0
0.4400000   0.1200000   0.0000000  1.0
0.4433333   0.1133333   0.0000000  1.0
0.4466667   0.1066667   0.0000000  1.0
0.4500000   0.1000000   0.0000000  1.0
0.4533333   0.0933333   0.0000000  1.0
0.4566667   0.0866667   0.0000000  1.0
0.4600000   0.0800000   0.0000000  1.0
0.4633333   0.0733333   0.0000000  1.0
0.4666667   0.0666667   0.0000000  1.0
0.4700000   0.0600000   0.0000000  1.0
0.4733333   0.0533333   0.0000000  1.0
0.4766667   0.0466667   0.0000000  1.0
0.4800000   0.0400000   0.0000000  1.0
0.4833333   0.0333333   0.0000000  1.0
0.4866667   0.0266667   0.0000000  1.0
0.4900000   0.0200000   0.0000000  1.0
0.4933333   0.0133333   0.0000000  1.0
0.4966667   0.0066667   0.0000000  1.0
0.5000000   0.0000000   0.0000000  1.0
0.4900000   0.0000000   0.0000000  1.0
0.4800000   0.0000000   0.0000000  1.0
0.4700000   0.0000000   0.0000000  1.0
0.4600000   0.0000000   0.0000000  1.0
0.4500000   0.0000000   0.0000000  1.0
0.4400000   0.0000000   0.0000000  1.0
0.4300000   0.0000000   0.0000000  1.0
0.4200000   0.0000000   0.0000000  1.0
0.4100000   0.0000000   0.0000000  1.0
0.4000000   0.0000000   0.0000000  1.0
0.3900000   0.0000000   0.0000000  1.0
0.3800000   0.0000000   0.0000000  1.0
0.3700000   0.0000000   0.0000000  1.0
0.3600000   0.0000000   0.0000000  1.0
0.3500000   0.0000000   0.0000000  1.0
0.3400000   0.0000000   0.0000000  1.0
0.3300000   0.0000000   0.0000000  1.0
0.3200000   0.0000000   0.0000000  1.0
0.3100000   0.0000000   0.0000000  1.0
0.3000000   0.0000000   0.0000000  1.0
0.2900000   0.0000000   0.0000000  1.0
0.2800000   0.0000000   0.0000000  1.0
0.2700000   0.0000000   0.0000000  1.0
0.2600000   0.0000000   0.0000000  1.0
0.2500000   0.0000000   0.0000000  1.0
0.2400000   0.0000000   0.0000000  1.0
0.2300000  -0.0000000   0.0000000  1.0
0.2200000   0.0000000   0.0000000  1.0
0.2100000   0.0000000   0.0000000  1.0
0.2000000   0.0000000   0.0000000  1.0
0.1900000   0.0000000   0.0000000  1.0
0.1800000   0.0000000   0.0000000  1.0
0.1700000   0.0000000   0.0000000  1.0
0.1600000   0.0000000   0.0000000  1.0
0.1500000   0.0000000   0.0000000  1.0
0.1400000   0.0000000   0.0000000  1.0
0.1300000   0.0000000   0.0000000  1.0
0.1200000   0.0000000   0.0000000  1.0
0.1100000   0.0000000   0.0000000  1.0
0.1000000   0.0000000   0.0000000  1.0
0.0900000   0.0000000   0.0000000  1.0
0.0800000   0.0000000   0.0000000  1.0
0.0700000   0.0000000   0.0000000  1.0
0.0600000   0.0000000   0.0000000  1.0
0.0500000   0.0000000   0.0000000  1.0
0.0400000   0.0000000   0.0000000  1.0
0.0300000   0.0000000   0.0000000  1.0
0.0200000   0.0000000   0.0000000  1.0
0.0100000   0.0000000   0.0000000  1.0
0.0000000   0.0000000   0.0000000  1.0
0.0000000   0.0000000   0.0100000  1.0
0.0000000   0.0000000   0.0200000  1.0
0.0000000   0.0000000   0.0300000  1.0
0.0000000   0.0000000   0.0400000  1.0
0.0000000   0.0000000   0.0500000  1.0
0.0000000   0.0000000   0.0600000  1.0
0.0000000   0.0000000   0.0700000  1.0
0.0000000   0.0000000   0.0800000  1.0
0.0000000   0.0000000   0.0900000  1.0
0.0000000   0.0000000   0.1000000  1.0
0.0000000   0.0000000   0.1100000  1.0
0.0000000   0.0000000   0.1200000  1.0
0.0000000   0.0000000   0.1300000  1.0
0.0000000   0.0000000   0.1400000  1.0
0.0000000   0.0000000   0.1500000  1.0
0.0000000   0.0000000   0.1600000  1.0
0.0000000   0.0000000   0.1700000  1.0
0.0000000   0.0000000   0.1800000  1.0
0.0000000   0.0000000   0.1900000  1.0
0.0000000   0.0000000   0.2000000  1.0
0.0000000   0.0000000   0.2100000  1.0
0.0000000   0.0000000   0.2200000  1.0
0.0000000   0.0000000   0.2300000  1.0
0.0000000   0.0000000   0.2400000  1.0
0.0000000   0.0000000   0.2500000  1.0
0.0000000   0.0000000   0.2600000  1.0
0.0000000   0.0000000   0.2700000  1.0
0.0000000   0.0000000   0.2800000  1.0
0.0000000   0.0000000   0.2900000  1.0
0.0000000   0.0000000   0.3000000  1.0
0.0000000   0.0000000   0.3100000  1.0
0.0000000   0.0000000   0.3200000  1.0
0.0000000   0.0000000   0.3300000  1.0
0.0000000   0.0000000   0.3400000  1.0
0.0000000   0.0000000   0.3500000  1.0
0.0000000   0.0000000   0.3600000  1.0
0.0000000   0.0000000   0.3700000  1.0
0.0000000   0.0000000   0.3800000  1.0
0.0000000   0.0000000   0.3900000  1.0
0.0000000   0.0000000   0.4000000  1.0
0.0000000   0.0000000   0.4100000  1.0
0.0000000   0.0000000   0.4200000  1.0
0.0000000   0.0000000   0.4300000  1.0
0.0000000   0.0000000   0.4400000  1.0
0.0000000   0.0000000   0.4500000  1.0
0.0000000   0.0000000   0.4600000  1.0
0.0000000   0.0000000   0.4700000  1.0
0.0000000   0.0000000   0.4800000  1.0
0.0000000   0.0000000   0.4900000  1.0
0.0000000   0.0000000   0.5000000  1.0
0.0066667   0.0066667   0.5000000  1.0
0.0133333   0.0133333   0.5000000  1.0
0.0200000   0.0200000   0.5000000  1.0
0.0266667   0.0266667   0.5000000  1.0
0.0333333   0.0333333   0.5000000  1.0
0.0400000   0.0400000   0.5000000  1.0
0.0466667   0.0466667   0.5000000  1.0
0.0533333   0.0533333   0.5000000  1.0
0.0600000   0.0600000   0.5000000  1.0
0.0666667   0.0666667   0.5000000  1.0
0.0733333   0.0733333   0.5000000  1.0
0.0800000   0.0800000   0.5000000  1.0
0.0866667   0.0866667   0.5000000  1.0
0.0933333   0.0933333   0.5000000  1.0
0.1000000   0.1000000   0.5000000  1.0
0.1066667   0.1066667   0.5000000  1.0
0.1133333   0.1133333   0.5000000  1.0
0.1200000   0.1200000   0.5000000  1.0
0.1266667   0.1266667   0.5000000  1.0
0.1333333   0.1333333   0.5000000  1.0
0.1400000   0.1400000   0.5000000  1.0
0.1466667   0.1466667   0.5000000  1.0
0.1533333   0.1533333   0.5000000  1.0
0.1600000   0.1600000   0.5000000  1.0
0.1666667   0.1666667   0.5000000  1.0
0.1733333   0.1733333   0.5000000  1.0
0.1800000   0.1800000   0.5000000  1.0
0.1866667   0.1866667   0.5000000  1.0
0.1933333   0.1933333   0.5000000  1.0
0.2000000   0.2000000   0.5000000  1.0
0.2066667   0.2066667   0.5000000  1.0
0.2133333   0.2133333   0.5000000  1.0
0.2200000   0.2200000   0.5000000  1.0
0.2266667   0.2266667   0.5000000  1.0
0.2333333   0.2333333   0.5000000  1.0
0.2400000   0.2400000   0.5000000  1.0
0.2466667   0.2466667   0.5000000  1.0
0.2533333   0.2533333   0.5000000  1.0
0.2600000   0.2600000   0.5000000  1.0
0.2666667   0.2666667   0.5000000  1.0
0.2733333   0.2733333   0.5000000  1.0
0.2800000   0.2800000   0.5000000  1.0
0.2866667   0.2866667   0.5000000  1.0
0.2933333   0.2933333   0.5000000  1.0
0.3000000   0.3000000   0.5000000  1.0
0.3066667   0.3066667   0.5000000  1.0
0.3133333   0.3133333   0.5000000  1.0
0.3200000   0.3200000   0.5000000  1.0
0.3266667   0.3266667   0.5000000  1.0
0.3333333   0.3333333   0.5000000  1.0
0.3366667   0.3266667   0.5000000  1.0
0.3400000   0.3200000   0.5000000  1.0
0.3433333   0.3133333   0.5000000  1.0
0.3466667   0.3066667   0.5000000  1.0
0.3500000   0.3000000   0.5000000  1.0
0.3533333   0.2933333   0.5000000  1.0
0.3566667   0.2866667   0.5000000  1.0
0.3600000   0.2800000   0.5000000  1.0
0.3633333   0.2733333   0.5000000  1.0
0.3666667   0.2666667   0.5000000  1.0
0.3700000   0.2600000   0.5000000  1.0
0.3733333   0.2533333   0.5000000  1.0
0.3766667   0.2466667   0.5000000  1.0
0.3800000   0.2400000   0.5000000  1.0
0.3833333   0.2333333   0.5000000  1.0
0.3866667   0.2266667   0.5000000  1.0
0.3900000   0.2200000   0.5000000  1.0
0.3933333   0.2133333   0.5000000  1.0
0.3966667   0.2066667   0.5000000  1.0
0.4000000   0.2000000   0.5000000  1.0
0.4033333   0.1933333   0.5000000  1.0
0.4066667   0.1866667   0.5000000  1.0
0.4100000   0.1800000   0.5000000  1.0
0.4133333   0.1733333   0.5000000  1.0
0.4166667   0.1666667   0.5000000  1.0
0.4200000   0.1600000   0.5000000  1.0
0.4233333   0.1533333   0.5000000  1.0
0.4266667   0.1466667   0.5000000  1.0
0.4300000   0.1400000   0.5000000  1.0
0.4333333   0.1333333   0.5000000  1.0
0.4366667   0.1266667   0.5000000  1.0
0.4400000   0.1200000   0.5000000  1.0
0.4433333   0.1133333   0.5000000  1.0
0.4466667   0.1066667   0.5000000  1.0
0.4500000   0.1000000   0.5000000  1.0
0.4533333   0.0933333   0.5000000  1.0
0.4566667   0.0866667   0.5000000  1.0
0.4600000   0.0800000   0.5000000  1.0
0.4633333   0.0733333   0.5000000  1.0
0.4666667   0.0666667   0.5000000  1.0
0.4700000   0.0600000   0.5000000  1.0
0.4733333   0.0533333   0.5000000  1.0
0.4766667   0.0466667   0.5000000  1.0
0.4800000   0.0400000   0.5000000  1.0
0.4833333   0.0333333   0.5000000  1.0
0.4866667   0.0266667   0.5000000  1.0
0.4900000   0.0200000   0.5000000  1.0
0.4933333   0.0133333   0.5000000  1.0
0.4966667   0.0066667   0.5000000  1.0
0.5000000   0.0000000   0.5000000  1.0
0.4900000   0.0000000   0.5000000  1.0
0.4800000   0.0000000   0.5000000  1.0
0.4700000   0.0000000   0.5000000  1.0
0.4600000   0.0000000   0.5000000  1.0
0.4500000   0.0000000   0.5000000  1.0
0.4400000   0.0000000   0.5000000  1.0
0.4300000   0.0000000   0.5000000  1.0
0.4200000   0.0000000   0.5000000  1.0
0.4100000   0.0000000   0.5000000  1.0
0.4000000   0.0000000   0.5000000  1.0
0.3900000   0.0000000   0.5000000  1.0
0.3800000   0.0000000   0.5000000  1.0
0.3700000   0.0000000   0.5000000  1.0
0.3600000   0.0000000   0.5000000  1.0
0.3500000   0.0000000   0.5000000  1.0
0.3400000   0.0000000   0.5000000  1.0
0.3300000   0.0000000   0.5000000  1.0
0.3200000   0.0000000   0.5000000  1.0
0.3100000   0.0000000   0.5000000  1.0
0.3000000   0.0000000   0.5000000  1.0
0.2900000   0.0000000   0.5000000  1.0
0.2800000   0.0000000   0.5000000  1.0
0.2700000   0.0000000   0.5000000  1.0
0.2600000   0.0000000   0.5000000  1.0
0.2500000   0.0000000   0.5000000  1.0
0.2400000   0.0000000   0.5000000  1.0
0.2300000  -0.0000000   0.5000000  1.0
0.2200000   0.0000000   0.5000000  1.0
0.2100000   0.0000000   0.5000000  1.0
0.2000000   0.0000000   0.5000000  1.0
0.1900000   0.0000000   0.5000000  1.0
0.1800000   0.0000000   0.5000000  1.0
0.1700000   0.0000000   0.5000000  1.0
0.1600000   0.0000000   0.5000000  1.0
0.1500000   0.0000000   0.5000000  1.0
0.1400000   0.0000000   0.5000000  1.0
0.1300000   0.0000000   0.5000000  1.0
0.1200000   0.0000000   0.5000000  1.0
0.1100000   0.0000000   0.5000000  1.0
0.1000000   0.0000000   0.5000000  1.0
0.0900000   0.0000000   0.5000000  1.0
0.0800000   0.0000000   0.5000000  1.0
0.0700000   0.0000000   0.5000000  1.0
0.0600000   0.0000000   0.5000000  1.0
0.0500000   0.0000000   0.5000000  1.0
0.0400000   0.0000000   0.5000000  1.0
0.0300000   0.0000000   0.5000000  1.0
0.0200000   0.0000000   0.5000000  1.0
0.0100000   0.0000000   0.5000000  1.0
0.0000000   0.0000000   0.5000000  1.0
